% case 8 

t1 = k.^2;
t2 = r.^2;
t3 = t2.*r;
t4 = 0.1/t3;
t8 = t1.*k;
t9 = t2.^2;
t10 = t9.*r;
t11 = 0.1/t10;
t17 = t1.^2;
t18 = v2 + PdotR;
t19 = t18.*t2;
t21 = RdotV.^2;
t22 = 0.5*t21;
t25 = t9.*t3;
t26 = 0.1/t25;
t34 = PdotV.*t9;
t37 = 0.5*RdotV.*t18.*t2;
t38 = RdotV.*r;
t40 = t21.*RdotV;
t41 = 1.1666666666666667*t40;
t43 = t17.*k;
t45 = t9.^2;
t7 = 0.1/t45;
t47 = t7./r;
t58 = t9.*t2;
t59 = t58.*p2;
t60 = RdotV.*PdotV;
t62 = t18.^2;
t65 = (-20*t60 - 0.5*t62).*t9;
t73 = (70*v2 + 70*PdotR).*t21;
t76 = t21.*r;
t78 = t21.^2;
t79 = 105*t78;
t81 = t17.*t1;
t84 = t7.*t4;
t99 = PdotV.*t18;
t101 = (0.5*p2.*RdotV + t99).*t58;
t102 = PdotV.*t10;
t108 = 3.5*RdotV.*(0.2*t60 + t62).*t9;
t114 = t18.*t21;
t119 = r.*t40;
t122 = 231*t78.*RdotV;
t124 = t17.*t8;
t127 = t7.*t11;
t146 = PdotV.^2;
t192 = t17.^2;

FGHT(1) = 0;
FGHT(2) = k;
FGHT(3) = 0;
FGHT(4) = k;
FGHT(5) = -0.5*t1.*t4;
FGHT(6) = 0;
FGHT(7) = 0.5*t1;
FGHT(8) = 0;
FGHT(9) = 0.5*t8.*t11.*RdotV;
FGHT(10) = -0.1666666666666667*t8.*t4;
FGHT(11) = 0;
FGHT(12) = 0;
FGHT(13) = 0.125*t17.*(t19 - 0.6666666666666667*r - t22).*t26;
FGHT(14) = 0.25*t17.*t11.*RdotV;
FGHT(15) = -0.04166666666666667*t17.*t4;
FGHT(16) = 0;
FGHT(17) = 0.75*(t34 - t37 + 3.3333333333333335*t38 + t41).*t43.*t47;
FGHT(18) = 0.75*t43.*(t19 - 0.8888888888888889*r - t22).*t26;
FGHT(19) = 0.75*t43.*t11.*RdotV;
FGHT(20) = 0;
FGHT(21) = 0.0125*(t59 + t65 + (63.33333333333333*PdotR + 73.33333333333333*v2).*t3 + (-24.444444444444443 + t73).*t2 - 466.6666666666667*t76 - t79).*t81.*t84;
FGHT(22) = 0.05*t81.*(t34 - t37 + 41.66666666666667*t38 + t41).*t47;
FGHT(23) = 0.025*(t19 - 9.444444444444445*r - t22).*t81.*t26;
FGHT(24) = 0;
FGHT(25) = -0.08928571428571429*(t101 - 7.4*t102 - t108 + 50.4*(0.8888888888888889*PdotR + v2).*RdotV.*t3 + 210*(-0.8 + t114).*RdotV.*t2 - 140*t119 - t122).*t124.*t127;
FGHT(26) = 0.008928571428571429*(t59 + t65 + (88*v2 + 78*PdotR).*t3 + (-38.22222222222222 + t73).*t2 - 560*t76 - t79).*t124.*t84;
FGHT(27) = 0.01785714285714286*(t34 - t37 + 44*t38 + t41).*t124.*t47;
FGHT(28) = 0;
FGHT(29) = -0.0001674107142857143*((2*t146 + p2.*v2 + p2.*PdotR).*t45 - 7.6*t25.*p2 + (-70*t21.*p2 - 280*t99.*RdotV - 23.33333333333333*t62.*t18).*t58 + (2032*t60 + 536*(v2 + 0.8059701492537313*PdotR).*t18).*t10 + (840*t40.*PdotV + 630*t62.*t21 - 38.93333333333333*v2 - 30.933333333333334*PdotR).*t9 + (8.651851851851852 + (-896*v2 - 812*PdotR).*t21).*t3 - 2310*(-0.1292929292929293 + t114).*t21.*t2 + 1540*r.*t78 + 2002*t78.*t21).*t192.*t7.*t26;
FGHT(30) = -0.06696428571428571*t192.*(t101 - 8.8*t102 - t108 + 58.8*(0.9047619047619048*PdotR + v2).*RdotV.*t3 + ((210*PdotR + 210*v2).*t40 - 24.266666666666666*RdotV).*t2 - 163.33333333333334*t119 - t122).*t127;
FGHT(31) = 0.00033482142857142856*t192.*(t59 + t65 + (92*v2 + 82*PdotR).*t3 + (-42.07407407407407 + t73).*t2 - 588*t76 - t79).*t84;
FGHT(32) = 0;