% case 17 

t1 = k .^ 2;
t2 = r .^ 2;
t3 = t2 .* r;
t4 = 0.1 ./ t3;
t8 = t1 .* k;
t9 = t2 .^ 2;
t10 = t9 .* r;
t11 = 0.1 ./ t10;
t17 = t1 .^ 2;
t18 = v2 + PdotR;
t19 = t18 .* t2;
t21 = RdotV .^ 2;
t22 = 0.5 .* t21;
t25 = t9 .* t3;
t26 = 0.1 ./ t25;
t34 = PdotV .* t9;
t35 = RdotV .* t18;
t37 = 0.5 .* t35 .* t2;
t38 = RdotV .* r;
t40 = t21 .* RdotV;
t41 = 0.1166666666666667 .* t40;
t43 = t17 .* k;
t45 = t9 .^ 2;
t46 = t45 .* r;
t47 = 0.1 ./ t46;
t58 = t9 .* t2;
t59 = t58 .* p2;
t60 = RdotV .* PdotV;
t62 = t18 .^ 2;
t65 = (-0.20 .* t60 - 0.5 .* t62) .* t9;
t73 = (0.70 .* v2 + 0.70 .* PdotR) .* t21;
t76 = t21 .* r;
t78 = t21 .^ 2;
t79 = 0.105 .* t78;
t81 = t17 .* t1;
t83 = t45 .* t3;
t84 = 0.1 ./ t83;
t97 = p2 .* RdotV;
t99 = PdotV .* t18;
t101 = (0.5000000000000000 .* t97 + t99) .* t58;
t102 = PdotV .* t10;
t108 = 0.3500000000000000 .* RdotV .* (0.2 .* t60 + t62) .* t9;
t114 = t18 .* t21;
t119 = r .* t40;
t121 = t78 .* RdotV;
t122 = 0.2310000000000000 .* t121;
t124 = t17 .* t8;
t126 = t45 .* t10;
t127 = 0.1 ./ t126;
t146 = PdotV .^ 2;
t148 = p2 .* v2;
t149 = p2 .* PdotR;
t150 = 0.2 .* t146 + t148 + t149;
t151 = t150 .* t45;
t152 = t25 .* p2;
t154 = t21 .* p2;
t158 = t62 .* t18;
t161 = (-0.7 .* t154 - 0.28 .* t99 .* RdotV - 0.2333333333333333 .* t158) .* t58;
t169 = t40 .* PdotV;
t170 = 0.84 .* t169;
t171 = t62 .* t21;
t172 = 0.63 .* t171;
t187 = r .* t78;
t189 = t78 .* t21;
t190 = 0.2002000000000000 .* t189;
t192 = t17 .^ 2;
t194 = t45 .* t25;
t195 = 0.1 ./ t194;
t207 = (0.21 .* PdotR + 0.21 .* v2) .* t40;
t227 = t192 .* k;
t228 = t45 .* t2;
t230 = t228 .* p2 .* PdotV;
t236 = PdotV .* t62;
t239 = ((-0.7 .* t149 - 0.7 .* t148 - 0.14 .* t146) .* RdotV - 0.7 .* t236) .* t45;
t247 = t40 .* p2;
t248 = 0.21 .* t247;
t250 = 0.126 .* t99 .* t21;
t252 = 0.21 .* t158 .* RdotV;
t281 = r .* t121;
t283 = t78 .* t40;
t284 = 0.429 .* t283;
t287 = t45 .^ 2;
t288 = t287 .* r;
t289 = 0.1 ./ t288;
t333 = t192 .* t1;
t334 = t45 .* t9;
t335 = p2 .^ 2;
t336 = t334 .* t335;
t337 = p2 .* PdotV;
t338 = t337 .* RdotV;
t340 = 0.4 .* t146;
t341 = t148 + t149 + t340;
t342 = t18 .* t341;
t345 = (-0.56 .* t338 - 0.14 .* t342) .* t228;
t355 = (0.252 .* t148 + 0.504 .* t146 + 0.252 .* t149) .* t21;
t357 = 0.504 .* t236 .* RdotV;
t358 = PdotR .^ 2;
t359 = t358 .* PdotR;
t360 = v2 .* t359;
t361 = 0.84 .* t360;
t363 = v2 .^ 2;
t364 = t363 .^ 2;
t365 = 0.21 .* t364;
t366 = t358 .^ 2;
t367 = 0.21 .* t366;
t368 = t363 .* v2;
t369 = t368 .* PdotR;
t370 = 0.84 .* t369;
t371 = t363 .* t358;
t372 = 0.126 .* t371;
t387 = t78 .* p2;
t388 = 0.462 .* t387;
t389 = t99 .* t40;
t390 = 0.3696 .* t389;
t391 = t158 .* t21;
t392 = 0.924 .* t391;
t396 = v2 .* PdotR;
t410 = t121 .* PdotV;
t411 = 0.4804800000000000 .* t410;
t412 = t62 .* t78;
t413 = 0.6006 .* t412;
t431 = r .* t189;
t433 = t78 .^ 2;
t434 = 0.7293 .* t433;
t435 = t336 + t345 + (0.4331428571428571 .* t146 + 0.2197714285714286 .* t148 + 0.1996000000000000 .* t149) .* t46 + (t355 + t357 + t361 - 0.8257142857142857 .* p2 + t365 + t367 + t370 + t372) .* t45 + (-0.1842285714285714 .* t154 - 0.7598857142857143 .* (v2 + 0.9186343811099413 .* PdotR) .* PdotV .* RdotV - 0.6592380952380952 .* t62 .* (v2 + 0.7741982086102283 .* PdotR)) .* t25 + (-t388 - t390 - t392 + 0.2744000000000000 .* t60 + 0.7496000000000000 .* t363 + 0.5241142857142857 .* t358 + 0.1263542857142857 .* t396) .* t58 + (0.2621142857142857 .* t169 + 0.2047885714285714 .* (v2 + 0.8535911602209945 .* PdotR) .* t18 .* t21 - 0.2708317460317460 .* PdotR - 0.3604317460317460 .* v2) .* t10 + (0.6007195767195767 + t411 + t413 + (-0.1228228571428571 .* PdotR - 0.1450742857142857 .* v2) .* t21) .* t9 - 0.8408400000000000 .* (-0.3834109956558936 - 1 + (v2 + 0.9285714285714286 .* PdotR) .* t21) .* t21 .* t3 - 0.12012 .* (-0.2333333333333333 + t114) .* t78 .* t2 + 0.8008 .* t431 + t434;
t437 = t287 .* t3;
t438 = 0.1 ./ t437;
t508 = t335 .* RdotV;
t510 = 0.6666666666666667 .* t146;
t512 = (t510 + t148 + t149) .* PdotV;
t514 = (0.2500000000000000 .* t508 + t512) .* t334;
t516 = t83 .* p2 .* PdotV;
t518 = t154 .* PdotV;
t522 = PdotV .* t158;
t525