

% Case 4
t1 = k^2;
t2 = r^2;
t3 = t2 * r;
t4 = 0.1e1 / t3;
t8 = t1 * k;
t9 = t2^2;
t5 = 0.1e1 / t9;
t11 = t5 / r;
t17 = t1^2;
t21 = RdotV^2;

FGHT(1) = 0.0e0;
FGHT(2) = k;
FGHT(3) = 0.0e0;
FGHT(4) = k;
FGHT(5) = -0.5000000000000000e0 * t1 * t4;
FGHT(6) = 0.0e0;
FGHT(7) = 0.5000000000000000e0 * t1;
FGHT(8) = 0.0e0;
FGHT(9) = 0.5000000000000000e0 * t8 * t11 * RdotV;
FGHT(10) = -0.1666666666666667e0 * t8 * t4;
FGHT(11) = 0.0e0;
FGHT(12) = 0.0e0;
FGHT(13) = 0.1250000000000000e0 * t17 * ((v2 + PdotR) * t2 - 0.6666666666666667e0 * r - 0.5e1 * t21) * t5 * t4;
FGHT(14) = 0.2500000000000000e0 * t17 * t11 * RdotV;
FGHT(15) = -0.4166666666666667e-1 * t17 * t4;
FGHT(16) = 0.0e0;