
            
            t1 = k^2;
            t2 = r^2;
            t3 = t2 * r;
            t4 = 0.1 / t3;
            t8 = t1 * k;
            t9 = t2^2;
            t10 = t9 * r;
            t11 = 0.1 / t10;
            t17 = t1^2;
            t18 = v2 + PdotR;
            t19 = t18 * t2;
            t21 = RdotV^2;
            t22 = 0.5 * t21;
            t25 = t9 * t3;
            t26 = 0.1 / t25;
            t34 = PdotV * t9;
            t37 = 0.5 * RdotV * t18 * t2;
            t38 = RdotV * r;
            t40 = t21 * RdotV;
            t41 = 0.1166666666666667 * t40;
            t43 = t17 * k;
            t45 = t9^2;
            t7 = 0.1 / t45;
            t12 = 1 / r;
            t47 = t7 * t12;
            t58 = t9 * t2;
            t59 = t58 * p2;
            t60 = RdotV * PdotV;
            t62 = t18^2;
            t65 = (-20 * t60 - 5 * t62) * t9;
            t73 = (70 * v2 + 70 * PdotR) * t21;
            t76 = t21 * r;
            t78 = t21^2;
            t79 = 105 * t78;
            t81 = t17 * t1;
            t84 = t7 * t4;
            t97 = p2 * RdotV;
            t99 = PdotV * t18;
            t101 = (0.5 * t97 + t99) * t58;
            t102 = PdotV * t10;
            t108 = 35 * RdotV * (2 * t60 + t62) * t9;
            t114 = t18 * t21;
            t119 = r * t40;
            t121 = t78 * RdotV;
            t122 = 231 * t121;
            t124 = t17 * t8;
            t127 = t7 * t11;
            t146 = PdotV^2;
            t148 = p2 * v2;
            t149 = p2 * PdotR;
            t151 = (2 * t146 + t148 + t149) * t45;
            t152 = t25 * p2;
            t158 = t62 * t18;
            t161 = (-7 * t21 * p2 - 28 * t99 * RdotV - 23.33333333333333 * t158) * t58;
            t169 = t40 * PdotV;
            t170 = 84 * t169;
            t171 = t62 * t21;
            t172 = 63 * t171;
            t187 = r * t78;
            t190 = 2002 * t78 * t21;
            t192 = t17^2;
            t195 = t7 * t26;
            t207 = (21 * PdotR + 21 * v2) * t40;
            t227 = t192 * k;
            t287 = t45^2;

            FGHT(1) = 0.0;
            FGHT(2) = k;
            FGHT(3) = 0.0;
            FGHT(4) = k;
            FGHT(5) = -0.5 * t1 * t4;
            FGHT(6) = 0.0;
            FGHT(7) = 0.5 * t1;
            FGHT(8) = 0.0;
            FGHT(9) = 0.5 * t8 * t11 * RdotV;
            FGHT(10) = -0.1666666666666667 * t8 * t4;
            FGHT(11) = 0.0;
            FGHT(12) = 0.0;
            FGHT(13) = 0.125 * t17 * (t19 - 0.6666666666666667 * r - t22) * t26;
            FGHT(14) = 0.25 * t17 * t11 * RdotV;
            FGHT(15) = -0.04166666666666667 * t17 * t4;
            FGHT(16) = 0.0;
            FGHT(17) = 0.075 * (t34 - t37 + 33.33333333333333 * t38 + t41) * t43 * t47;
            FGHT(18) = 0.075 * t43 * (t19 - 0.8888888888888889 * r - t22) * t26;
            FGHT(19) = 0.075 * t43 * t11 * RdotV;
            FGHT(20) = 0.0;
            FGHT(21) = 0.01250000000000000 * (t59 + t65 + (63.33333333333333 * PdotR + 73.33333333333333 * v2) * t3 + (-24.44444444444444 + t73) * t2 - 46.66666666666667 * t76 - t79) * t81 * t84;
            FGHT(22) = 0.05 * t81 * (t34 - t37 + 41.66666666666667 * t38 + t41) * t47;
            FGHT(23) = 0.025 * (t19 - 0.9444444444444444 * r - t22) * t81 * t26;
            FGHT(24) = 0.0;
            FGHT(25) = -0.08928571428571429 * (t101 - 0.74 * t102 - t108 + 50.4 * (0.8888888888888889 * PdotR + v2) * RdotV * t3 + 21 * (-0.08 + t114) * RdotV * t2 - 14 * t119 - t122) * t124 * t127;
            FGHT(26) = 0.008928571428571429 * (t59 + t65 + (88 * v2 + 78 * PdotR) * t3 + (-38.22222222222222 + t73) * t2 - 56 * t76 - t79) * t124 * t84;
            FGHT(27) = 0.01785714285714286 * (t34 - t37 + 44 * t38 + t41) * t124 * t47;
            FGHT(28) = 0.0;
            FGHT(29) = -0.1674107142857143 * (t151 - 0.76 * t152 + t161 + (203.2 * t60 + 53.6 * (v2 + 0.8059701492537313 * PdotR) * t18) * t10 + (t170 + t172 - 38.93333333333333 * v2 - 30.93333333333333 * PdotR) * t9 + (0.8651851851851852 + (-896 * v2 - 812 * PdotR) * t21) * t3 - 231 * (-0.1292929292929293 + t114) * t21 * t2 + 154 * t187 + t190) * t192 * t195;
            FGHT(30) = -0.6696428571428571 * t192 * (t101 - 0.88 * t102 - t108 + 58.8 * (0.9047619047619048 * PdotR + v2) * RdotV * t3 + (t207 - 24.26666666666667 * RdotV) * t2 - 163.3333333333333 * t119 - t122) * t127;
            FGHT(31) = 0.003348214285714286 * t192 * (t59 + t65 + (92 * v2 + 82 * PdotR) * t3 + (-42.07407407407407 + t73) * t2 - 588 * t76 - t79) * t84;
            FGHT(32) = 0.0;
            FGHT(33) = -0.01302083333333333 * t227 * (t45 * t2 * p2 * PdotV + ((-7 * t149 - 7 * t148 - 14 * t146) * RdotV - 7 * PdotV * t62) * t45 + (52 * t97 + 107.77142857142857 * PdotV * (0.9056203605514316 * PdotR + v2)) * t25 + (21 * t40 * p2 + 126 * t99 * t21 + 21 * t158 * RdotV - 39.54285714285714 * PdotV) * t58 - 472.5714285714286 * (0.19093107617896 * t60 + (v2 + 0.8331318016928658 * PdotR) * t18) * RdotV * t10 - 231 * RdotV * (t169 + t171 - 0.14644403215831793 * v2 - 0.12071737786023504 * PdotR) * t9 + 3256 * RdotV * (-0.02308802308802309 + (v2 + 0.9189189189189189 * PdotR) * t21) * t3 + 6006 * t40 * (-0.1807081807081807 + t114) * t2 - 4004 * r * t121 - 429 * t78 * t40) / t287 * t12;
            FGHT(34) = -0.01302083333333333 * (t151 - 0.8971428571428571 * t152 + t161 + (235.42857142857142 * t60 + 61.25714285714286 * (v2 + 0.8302238805970149 * PdotR) * t18) * t10 + (t170 + t172 - 53.02857142857143 * v2 - 43.65714285714286 * PdotR) * t9 + (15.10264550264550 + (-1024 * v2 - 94 * PdotR) * t21) * t3 - 231 * (-0.1766233766233766 + t114) * t21 * t2 + 176 * t187 + t190) * t227 * t195;
            FGHT(35) = -0.02604166666666667 * (t101 - 0.9171428571428571 * t102 - t108 + 61.25714285714286 * (0.9085820895522388 * PdotR + v2) * RdotV * t3 + (t207 - 26.51428571428571 * RdotV) * t2 - 170.6666666666667 * t119 - t122) * t227 * t127;
            FGHT(36) = 0.0;