% order 7 

t1 = k^2;
t2 = r^2;
t3 = t2 * r;
t4 = 0.1 / t3;
t8 = t1 * k;
t9 = t2^2;
t10 = t9 * r;
t11 = 0.1 / t10;
t17 = t1^2;
t18 = v2 + PdotR;
t19 = t18 * t2;
t21 = RdotV^2;
t22 = 0.5 * t21;
t26 = 0.1 / t9 * t4;
t34 = PdotV * t9;
t37 = 0.5 * RdotV * t18 * t2;
t38 = RdotV * r;
t40 = t21 * RdotV;
t41 = 0.1166666666666667 * t40;
t43 = t17 * k;
t45 = t9^2;
t12 = 0.1 / t45;
t47 = t12 / r;
t58 = t9 * t2;
t59 = t58 * p2;
t60 = RdotV * PdotV;
t62 = t18^2;
t65 = (-20 * t60 - 5 * t62) * t9;
t73 = (70 * v2 + 70 * PdotR) * t21;
t76 = t21 * r;
t78 = t21^2;
t79 = 105 * t78;
t81 = t17 * t1;
t84 = t12 * t4;
t124 = t17 * t8;

FGHT(1) = 0.0;
FGHT(2) = k;
FGHT(3) = 0.0;
FGHT(4) = k;
FGHT(5) = -0.5 * t1 * t4;
FGHT(6) = 0.0;
FGHT(7) = 0.5 * t1;
FGHT(8) = 0.0;
FGHT(9) = 0.5 * t8 * t11 * RdotV;
FGHT(10) = -0.1666666666666667 * t8 * t4;
FGHT(11) = 0.0;
FGHT(12) = 0.0;
FGHT(13) = 0.125 * t17 * (t19 - 0.6666666666666667 * r - t22) * t26;
FGHT(14) = 0.25 * t17 * t11 * RdotV;
FGHT(15) = -0.04166666666666667 * t17 * t4;
FGHT(16) = 0.0;
FGHT(17) = 0.075 * (t34 - t37 + 33.33333333333333 * t38 + t41) * t43 * t47;
FGHT(18) = 0.075 * t43 * (t19 - 0.8888888888888889 * r - t22) * t26;
FGHT(19) = 0.075 * t43 * t11 * RdotV;
FGHT(20) = 0.0;
FGHT(21) = 0.01250000000000000 * (t59 + t65 + (63.33333333333333 * PdotR + 73.33333333333333 * v2) * t3 + (-24.44444444444444 + t73) * t2 - 46.66666666666667 * t76 - t79) * t81 * t84;
FGHT(22) = 0.05 * t81 * (t34 - t37 + 41.66666666666667 * t38 + t41) * t47;
FGHT(23) = 0.025 * (t19 - 0.9444444444444444 * r - t22) * t81 * t26;
FGHT(24) = 0.0;
FGHT(25) = -0.08928571428571429 * ((0.5 * p2 * RdotV + PdotV * t18) * t58 - 7.4 * PdotV * t10 - 35 * RdotV * (2 * t60 + t62) * t9 + 50.4 * (0.8888888888888889 * PdotR + v2) * RdotV * t3 + 21 * (-0.08 + t18 * t21) * RdotV * t2 - 14 * r * t40 - 231 * t78 * RdotV) * t124 * t12 * t11;
FGHT(26) = 0.008928571428571429 * (t59 + t65 + (88 * v2 + 78 * PdotR) * t3 + (-38.22222222222222 + t73) * t2 - 56 * t76 - t79) * t124 * t84;
FGHT(27) = 0.01785714285714286 * (t34 - t37 + 44 * t38 + t41) * t124 * t47;
FGHT(28) = 0.0;