

            t1 = k^2;
            t2 = r^2;
            t3 = t2*r;
            t4 = 0.1*t3^-1;
            t8 = t1*k;
            t9 = t2^2;
            t10 = t9*r;
            t11 = 0.1*t10^-1;
            t17 = t1^2;
            t18 = v2 + PdotR;
            t19 = t18*t2;
            t21 = RdotV^2;
            t22 = 0.5*t21;
            t25 = t9*t3;
            t26 = 0.1*t25^-1;
            t34 = PdotV*t9;
            t37 = 0.5*RdotV*t18*t2;
            t38 = RdotV*r;
            t40 = t21*RdotV;
            t41 = 0.1166666666666667*t40;
            t43 = t17*k;
            t45 = t9^2;
            t46 = t45*r;
            t47 = 0.1*t46^-1;
            t58 = t9*t2;
            t59 = t58*p2;
            t60 = RdotV*PdotV;
            t62 = t18^2;
            t65 = (-0.20*t60 - 0.5*t62)*t9;
            t73 = (0.70*v2 + 0.70*PdotR)*t21;
            t76 = t21*r;
            t78 = t21^2;
            t79 = 0.105*t78;
            t81 = t17*t1;
            t83 = t45*t3;
            t84 = 0.1*t83^-1;
            t97 = p2*RdotV;
            t99 = PdotV*t18;
            t101 = (0.5*t97 + t99)*t58;
            t102 = PdotV*t10;
            t108 = 0.35*RdotV*(0.2*t60 + t62)*t9;
            t114 = t18*t21;
            t119 = r*t40;
            t121 = t78*RdotV;
            t122 = 0.2310*t121;
            t124 = t17*t8;
            t30 = 0.1*t45^-1;
            t127 = t30*t11;
            t146 = PdotV^2;
            t148 = p2*v2;
            t149 = p2*PdotR;
            t151 = (0.2*t146 + t148 + t149)*t45;
            t152 = t25*p2;
            t154 = t21*p2;
            t158 = t62*t18;
            t161 = (-0.7*t154 - 0.28*t99*RdotV - 0.2333333333333333*t158)*t58;
            t169 = t40*PdotV;
            t170 = 0.84*t169;
            t171 = t62*t21;
            t172 = 0.63*t171;
            t187 = r*t78;
            t189 = t78*t21;
            t190 = 0.2002*t189;
            t192 = t17^2;
            t195 = t30*t26;
            t207 = (0.21*PdotR + 0.21*v2)*t40;
            t227 = t192*k;
            t228 = t45*t2;
            t230 = t228*p2*PdotV;
            t236 = PdotV*t62;
            t239 = ((-0.7*t149 - 0.7*t148 - 0.14*t146)*RdotV - 0.7*t236)*t45;
            t247 = t40*p2;
            t248 = 0.21*t247;
            t250 = 0.126*t99*t21;
            t252 = 0.21*t158*RdotV;
            t281 = r*t121;
            t283 = t78*t40;
            t284 = 0.429*t283;
            t287 = t45^2;
            t64 = 0.1*t287^-1;
            t289 = t64/r;
            t333 = t192*t1;
            t334 = t45*t9;
            t335 = p2^2;
            t336 = t334*t335;
            t342 = t18*(t148 + t149 + 0.4*t146);
            t345 = (-0.56*p2*PdotV*RdotV - 0.14*t342)*t228;
            t355 = (0.252*t148 + 0.504*t146 + 0.252*t149)*t21;
            t357 = 0.504*t236*RdotV;
            t358 = PdotR^2;
            t360 = v2*t358*PdotR;
            t361 = 0.84*t360;
            t363 = v2^2;
            t364 = t363^2;
            t365 = 0.21*t364;
            t366 = t358^2;
            t367 = 0.21*t366;
            t369 = t363*v2*PdotR;
            t370 = 0.84*t369;
            t371 = t363*t358;
            t372 = 0.126*t371;
            t387 = t78*p2;
            t388 = 0.462*t387;
            t389 = t99*t40;
            t390 = 0.3696*t389;
            t391 = t158*t21;
            t392 = 0.924*t391;
            t396 = v2*PdotR;
            t410 = t121*PdotV;
            t411 = 0.4804800*t410;
            t412 = t62*t78;
            t413 = 0.6006*t412;
            t431 = r*t189;
            t433 = t78^2;
            t434 = 0.7293*t433;
            t435 = t336 + t345 + (0.4331428571428571*t146 + 0.2197714285714286*t148 + 0.1996*t149)*t46 + (t355 + t357 + t361 - 0.8257142857142857*p2 + t365 + t367 + t370 + t372)*t45 + (-0.1842285714285714*t154 - 0.7598857142857143*(v2 + 0.9186343811099413*PdotR)*PdotV*RdotV - 0.6592380952380952*t62*(v2 + 0.7741982086102283*PdotR))*t25 + (-t388 - t390 - t392 + 0.2744*t60 + 0.7496*t363 + 0.5241142857142857*t358 + 0.1263542857142857*t396)*t58 + (0.2621142857142857*t169 + 0.2047885714285714*t18*(v2 + 0.8535911602209945*PdotR)*t21 - 0.2708317460317460*PdotR - 0.3604317460317460*v2)*t10 + (0.6007195767195767 + t411 + t413 + (-0.1228228571428571*PdotR - 0.1450742857142857*v2)*t21)*t9 - 0.8408400*(-0.3834109956558936 + (v2 + 0.9285714285714286*PdotR)*t21)*t21*t3 - 0.12012*(-0.2333333333333333 + t114)*t78*t2 + 0.8008*t431 + t434;
            t438 = t64*t4;
            t618 = (0.25*t335*RdotV + (0.6666666666666667*t146 + t148 + t149)*PdotV)*t334 - 0.7878684807256236*t83*p2*PdotV + (-0.9*t154*PdotV - 0.45*t342*RdotV - 0.3*PdotV*t158)*t228 + ((0.6357596371882086*t149 + 0.6905215419501134*t148 + 0.1363083900226757*t146)*RdotV + 0.7088548752834467*PdotV*(v2 + 0.8526894963292334*PdotR)*t18)*t46 + ((0.33*t149 + 0.66*t146 + 0.33*t148)*t40 + 0.99*t236*t21 + (-0.2546870748299320*p2 + 0.33*t369 + 0.825*t364 + 0.33*t360 + 0.495*t371 + 0.825*t366)*RdotV - 0.5406530612244898*PdotV*(v2 + 0.8466119751035952*PdotR))*t45 + (-0.2384081632653061*t247 - 0.1469585034013605*t21*(v2 + 0.9284586791588166*PdotR)*PdotV - 0.2539229024943311*t62*(v2 + 0.7996070726915521*PdotR)*RdotV + 0.1313892668178382*PdotV)*t25 - 0.143*(0.3*t387 + 0.3*t389 + t391 - 0.3668585382871097*t60 - 0.3416989359846503*t396 - 0.1984371184371184*t363 - 0.1453444967730682*t358)*RdotV*t58 + 0.3132380952380952*t10*(0.9641304347826087*t169 + (v2 + 0.8695652173913043*PdotR)*t18*t21 - 0.3361894144502840*PdotR - 0.4303445346923608*v2) + 0.6435*t9*(0.3491331322019153*10^-2 + 0.6666666666666667*t410 + t412 + (-0.2955908289241623*PdotR - 0.3421516754850088*v2)*t21)*RdotV - 0.8961333333333333*t3*(-0.5459867161994822*10^-1 + (v2 + 0.9361702127659574*PdotR)*t21)*t40 - 0.1041857142857143*t2*(-0.2867102396514161 + t114)*t121 + 0.6945714285714286*r*t283 + 0.5498690476190476*t433*RdotV;
            t619 = t192*t8;
            t679 = t336 + t345 + (0.4903111111111111*t146 + 0.2488126984126984*t148 + 0.2286412698412698*t149)*t46 + (t355 + t357 + t361 - 0.1096063492063492*p2 + t365 + t367 + t370 + t372)*t45 + (-0.2084317460317460*t154 - 0.8513269841269841*PdotV*(v2 + 0.9273738850272963*PdotR)*RdotV - 0.7324867724867725*t62*(v2 + 0.7967783877492054*PdotR))*t25 + (-t388 - t390 - t392 + 0.3548952380952381*t60 + 0.9492571428571429*t363 + 0.6936507936507936*t358 + 0.1632736507936508*t396)*t58 + (0.2935847619047619*t169 + 0.2275428571428571*(v2 + 0.8682320441988950*PdotR)*t18*t21 - 0.4231026455026455*PdotR - 0.5408169312169312*v2)*t10 + (0.1140467960023516*10^2 + t411 + t413 + (-0.1588749206349206*10^4*PdotR - 0.1839758730158730*10^4*v2)*t21)*t9 - 0.9342666666666667*10^4*(-0.5210934190526027*10^-1 + (v2 + 0.9357142857142857*PdotR)*t21)*t21*t3 - 0.12012*t78*(-0.2962962962962963 + t114)*t2 + 0.8897777777777778*10^4*t431 + t434;

            FGHT(1) = 0.0;
            FGHT(2) = k;
            FGHT(3) = 0.0;
            FGHT(4) = k;
            FGHT(5) = -0.5000000000000000 * t1 * t4;
            FGHT(6) = 0.0;
            FGHT(7) = 0.5000000000000000 * t1;
            FGHT(8) = 0.0;
            FGHT(9) = 0.5000000000000000 * t8 * t11 * RdotV;
            FGHT(10) = -0.1666666666666667 * t8 * t4;
            FGHT(11) = 0.0;
            FGHT(12) = 0.0;
            FGHT(13) = 0.1250000000000000 * t17 * (t19 - 0.6666666666666667 * r - t22) * t26;
            FGHT(14) = 0.2500000000000000 * t17 * t11 * RdotV;
            FGHT(15) = -0.4166666666666667e-1 * t17 * t4;
            FGHT(16) = 0.0;
            FGHT(17) = 0.7500000000000000e-1 * (t34 - t37 + 0.3333333333333333e1 * t38 + t41) * t43 * t47;
            FGHT(18) = 0.7500000000000000e-1 * t43 * (t19 - 0.8888888888888889e0 * r - t22) * t26;
            FGHT(19) = 0.7500000000000000e-1 * t43 * t11 * RdotV;
            FGHT(20) = 0.0;
            FGHT(21) = 0.1250000000000000e-1 * (t59 + t65 + (0.6333333333333333e1 * PdotR + 0.7333333333333333e1 * v2) * t3 + (-0.2444444444444444e1 + t73) * t2 - 0.4666666666666667e2 * t76 - t79) * t81 * t84;
