% case 2 

t1 = k^2 ; 
t2 = r^2 ; 
FGHT(1) = 0.0D0 ; 
FGHT(2) = k ; 
FGHT(3) = 0.0D0 ; 
FGHT(4) = k ; 
FGHT(5) = -0.5000000000000000D0 * t1 / t2 / r ; 
FGHT(6) = 0.0D0 ; 
FGHT(7) = 0.5000000000000000D0 * t1 ; 
FGHT(8) = 0.0D0 ; 