% case(12) ;
t1 = k ^ 2 ;
t2 = r ^ 2 ;
t3 = t2 * r ;
t4 = 0.1D1 / t3 ;
t8 = t1 * k ;
t9 = t2 ^ 2 ;
t10 = t9 * r ;
t11 = 0.1D1 / t10 ;
t17 = t1 ^ 2 ;
t18 = v2 + PdotR ;
t19 = t18 * t2 ;
t21 = RdotV ^ 2 ;
t22 = 0.5D1 * t21 ;
t25 = t9 * t3 ;
t26 = 0.1D1 / t25 ;
t34 = PdotV * t9 ;
t35 = RdotV * t18 ;
t37 = 0.5D1 * t35 * t2 ;
t38 = RdotV * r ;
t40 = t21 * RdotV ;
t41 = 0.1166666666666667D2 * t40 ;
t43 = t17 * k ;
t45 = t9 ^ 2 ;
t46 = t45 * r ;
t47 = 0.1D1 / t46 ;
t58 = t9 * t2 ;
t59 = t58 * p2 ;
t60 = RdotV * PdotV ;
t62 = t18 ^ 2 ;
t65 = (-0.20D2 * t60 - 0.5D1 * t62) * t9 ;
t73 = (0.70D2 * v2 + 0.70D2 * PdotR) * t21 ;
t76 = t21 * r ;
t78 = t21 ^ 2 ;
t79 = 0.105D3 * t78 ;
t81 = t17 * t1 ;
t83 = t45 * t3 ;
t84 = 0.1D1 / t83 ;
t97 = p2 * RdotV ;
t99 = PdotV * t18 ;
t101 = (0.5000000000000000D0 * t97 + t99) * t58 ;
t102 = PdotV * t10 ;
t108 = 0.3500000000000000D1 * RdotV * (0.2D1 * t60 + t62) * t9 ;
t114 = t18 * t21 ;
t119 = r * t40 ;
t121 = t78 * RdotV ;
t122 = 0.2310000000000000D2 * t121 ;
t124 = t17 * t8 ;
t126 = t45 * t10 ;
t127 = 0.1D1 / t126 ;
t146 = PdotV ^ 2 ;
t148 = p2 * v2 ;
t149 = p2 * PdotR ;
t151 = (0.2D1 * t146 + t148 + t149) * t45 ;
t152 = t25 * p2 ;
t154 = t21 * p2 ;
t158 = t62 * t18 ;
t161 = (-0.7D1 * t154 - 0.28D2 * t99 * RdotV - 0.2333333333333333D1 * t158) * t58 ;
t169 = t40 * PdotV ;
t170 = 0.84D2 * t169 ;
t171 = t62 * t21 ;
t172 = 0.63D2 * t171 ;
t187 = r * t78 ;
t189 = t78 * t21 ;
t190 = 0.2002000000000000D3 * t189 ;
t192 = t17 ^ 2 ;
t195 = 0.1D1 / t45 * t26 ;
t207 = (0.21D2 * PdotR + 0.21D2 * v2) * t40 ;
t227 = t192 * k ;
t228 = t45 * t2 ;
t230 = t228 * p2 * PdotV ;
t236 = PdotV * t62 ;
t239 = ((-0.7D1 * t149 - 0.7D1 * t148 - 0.14D2 * t146) * RdotV - 0.7D1 * t236) * t45 ;
t247 = t40 * p2 ;
t248 = 0.21D2 * t247 ;
t250 = 0.126D3 * t99 * t21 ;
t252 = 0.21D2 * t158 * RdotV ;
t281 = r * t121 ;
t283 = t78 * t40 ;
t284 = 0.429D3 * t283 ;
t287 = t45 ^ 2 ;
t64 = 0.1D1 / t287 ;
t289 = t64 / r ;
t333 = t192 * t1 ;
t334 = t45 * t9 ;
t335 = p2 ^ 2 ;
t336 = t334 * t335 ;
t338 = p2 * PdotV * RdotV ;
t341 = t148 + t149 + 0.4D1 * t146 ;
t342 = t18 * t341 ;
t345 = (-0.56D2 * t338 - 0.14D2 * t342) * t228 ;
t355 = (0.252D3 * t148 + 0.504D3 * t146 + 0.252D3 * t149) * t21 ;
t357 = 0.504D3 * t236 * RdotV ;
t358 = PdotR ^ 2 ;
t359 = t358 * PdotR ;
t360 = v2 * t359 ;
t361 = 0.84D2 * t360 ;
t363 = v2 ^ 2 ;
t364 = t363 ^ 2 ;
t365 = 0.21D2 * t364 ;
t366 = t358 ^ 2 ;
t367 = 0.21D2 * t366 ;
t368 = t363 * v2 ;
t369 = t368 * PdotR ;
t370 = 0.84D2 * t369 ;
t371 = t363 * t358 ;
t372 = 0.126D3 * t371 ;
t387 = t78 * p2 ;
t388 = 0.462D3 * t387 ;
t389 = t99 * t40 ;
t390 = 0.3696D4 * t389 ;
t391 = t158 * t21 ;
t392 = 0.924D3 * t391 ;
t396 = v2 * PdotR ;
t410 = t121 * PdotV ;
t411 = 0.4804800000000000D4 * t410 ;
t412 = t62 * t78 ;
t413 = 0.6006D4 * t412 ;
t431 = r * t189 ;
t433 = t78 ^ 2 ;
t434 = 0.7293D4 * t433 ;
t435 = t336 + t345 + (0.4331428571428571D2 * t146 + 0.2197714285714286D2 * t148 + 0.1996000000000000D2 * t149) * t46 + (t355 + t357 + t361 - 0.8257142857142857D1 * p2 + t365 + t367 + t370 + t372) * t45 + (-0.1842285714285714D3 * t154 - 0.7598857142857143D3 * (v2 + 0.9186343811099413D0 * PdotR) * PdotV * RdotV - 0.6592380952380952D2 * t62 * (v2 + 0.7741982086102283D0 * PdotR)) * t25 + (-t388 - t390 - t392 + 0.2744000000000000D3 * t60 + 0.7496000000000000D2 * t363 + 0.5241142857142857D2 * t358 + 0.1263542857142857D3 * t396) * t58 + (0.2621142857142857D4 * t169 + 0.2047885714285714D4 * t18 * (v2 + 0.8535911602209945D0 * PdotR) * t21 - 0.2708317460317460D2 * PdotR - 0.3604317460317460D2 * v2) * t10 + (0.6007195767195767D1 + t411 + t413 + (-0.1228228571428571D4 * PdotR - 0.1450742857142857D4 * v2) * t21) * t9 - 0.8408400000000000D4 * (-0.3834109956558936D-1 + (v2 + 0.9285714285714286D0 * PdotR) * t21) * t21 * t3 - 0.12012D5 * (-0.2333333333333333D0 + t114) * t78 * t2 + 0.8008D4 * t431 + t434 ;
t438 = t64 * t4 ;
t512 = (0.6666666666666667D0 * t146 + t148 + t149) * PdotV ;
t514 = (0.2500000000000000D0 * t335 * RdotV + t512) * t334 ;
t516 = t83 * p2 * PdotV ;
t522 = PdotV * t158 ;
t525 = (-0.9D1 * t154 * PdotV - 0.4500000000000000D1 * t342 * RdotV - 0.3D1 * t522) * t228 ;
t542 = (0.33D2 * t149 + 0.66D2 * t146 + 0.33D2 * t148) * t40 ;
t544 = 0.99D2 * t236 * t21 ;
t546 = 0.33D2 * t369 ;
t547 = 0.8250000000000000D1 * t364 ;
t548 = 0.33D2 * t360 ;
t549 = 0.4950000000000000D2 * t371 ;
t550 = 0.8250000000000000D1 * t366 ;
t573 = 0.3000000000000000D0 * t387 ;
t574 = 0.3D1 * t389 ;
t594 = 0.6666666666666667D0 * t410 ;
t614 = r * t283 ;
t617 = 0.5498690476190476D3 * t433 * RdotV ;
t618 = t514 - 0.7878684807256236D0 * t516 + t525 + ((0.6357596371882086D1 * t149 + 0.6905215419501134D1 * t148 + 0.1363083900226757D2 * t146) * RdotV + 0.7088548752834467D1 * PdotV * (v2 + 0.8526894963292334D0 * PdotR) * t18) * t46 + (t542 + t544 + (-0.2546870748299320D1 * p2 + t546 + t547 + t548 + t549 + t550) * RdotV - 0.5406530612244898D1 * PdotV * (v2 + 0.8466119751035952D0 * PdotR)) * t45 + (-0.2384081632653061D2 * t247 - 0.1469585034013605D3 * (v2 + 0.9284586791588166D0 * PdotR) * PdotV * t21 - 0.2539229024943311D2 * t62 * (v2 + 0.7996070726915521D0 * PdotR) * RdotV + 0.1313892668178382D1 * PdotV) * t25 - 0.143D3 * (t573 + t574 + t391 - 0.3668585382871097D0 * t60 - 0.3416989359846503D0 * t396 - 0.1984371184371184D0 * t363 - 0.1453444967730682D0 * t358) * RdotV * t58 + 0.3132380952380952D3 * (0.9641304347826087D0 * t169 + (v2 + 0.8695652173913043D0 * PdotR) * t18 * t21 - 0.3361894144502840D-1 * PdotR - 0.4303445346923608D-1 * v2) * RdotV * t10 + 0.6435000000000000D3 * (0.3491331322019153D-2 + t594 + t412 + (-0.2955908289241623D0 * PdotR - 0.3421516754850088D0 * v2) * t21) * RdotV * t9 - 0.8961333333333333D3 * (-0.5459867161994822D-1 + (v2 + 0.9361702127659574D0 * PdotR) * t21) * t40 * t3 - 0.1041857142857143D4 * (-0.2867102396514161D0 + t114) * t121 * t2 + 0.6945714285714286D3 * t614 + t617 ;
t619 = t192 * t8 ;
t622 = t64 * t11 ;
t679 = t336 + t345 + (0.4903111111111111D2 * t146 + 0.2488126984126984D2 * t148 + 0.2286412698412698D2 * t149) * t46 + (t355 + t357 + t361 - 0.1096063492063492D2 * p2 + t365 + t367 + t370 + t372) * t45 + (-0.2084317460317460D3 * t154 - 0.8513269841269841D3 * PdotV * (v2 + 0.9273738850272963D0 * PdotR) * RdotV - 0.7324867724867725D2 * (v2 + 0.7967783877492054D0 * PdotR) * t62) * t25 + (-t388 - t390 - t392 + 0.3548952380952381D3 * t60 + 0.9492571428571429D2 * t363 + 0.6936507936507936D2 * t358 + 0.1632736507936508D3 * t396) * t58 + (0.2935847619047619D4 * t169 + 0.2275428571428571D4 * (v2 + 0.8682320441988950D0 * PdotR) * t18 * t21 - 0.4231026455026455D2 * PdotR - 0.5408169312169312D2 * v2) * t10 + (0.1140467960023516D2 + t411 + t413 + (-0.1588749206349206D4 * PdotR - 0.1839758730158730D4 * v2) * t21) * t9 - 0.9342666666666667D4 * (-0.5210934190526027D-1 + (v2 + 0.9357142857142857D0 * PdotR) * t21) * t21 * t3 - 0.12012D5 * t78 * (-0.2962962962962963D0 + t114) * t2 + 0.8897777777777778D4 * t431 + t434 ;
t723 = t192 * t17 ;
t774 = 0.264D3 * t247 * PdotV + 0.198D3 * t342 * t21 + 0.264D3 * t522 * RdotV + 0.6600000000000000D1 * t366 * PdotR + 0.33D2 * v2 * t366 + 0.66D2 * t363 * t359 + 0.66D2 * t368 * t358 + (0.33D2 * t364 - 0.9501804988662132D1 * p2) * PdotR + 0.6600000000000000D1 * t364 * v2 - 0.1117600000000000D2 * t148 - 0.2181601814058957D2 * t146 ;
