% case 6 

t1 = k^2;
t2 = r^2;
t3 = t2 * r;
t4 = 0.1 / t3;
t8 = t1 * k;
t9 = t2^2;
t5 = 0.1 / t9;
t6 = 0.1 / r;
t11 = t5 * t6;
t17 = t1^2;
t18 = v2 + PdotR;
t19 = t18 * t2;
t21 = RdotV^2;
t22 = 0.5 * t21;
t26 = t5 * t4;
t34 = PdotV * t9;
t37 = 0.5 * RdotV * t18 * t2;
t38 = RdotV * r;
t41 = 0.1166666666666667 * t21 * RdotV;
t43 = t17 * k;
t45 = t9^2;
t13 = 0.1 / t45;
t47 = t13 * t6;
t62 = t18^2;
t78 = t21^2;
t81 = t17 * t1;

FGHT(1) = 0.0;
FGHT(2) = k;
FGHT(3) = 0.0;
FGHT(4) = k;
FGHT(5) = -0.5 * t1 * t4;
FGHT(6) = 0.0;
FGHT(7) = 0.5 * t1;
FGHT(8) = 0.0;
FGHT(9) = 0.5 * t8 * t11 * RdotV;
FGHT(10) = -0.1666666666666667 * t8 * t4;
FGHT(11) = 0.0;
FGHT(12) = 0.0;
FGHT(13) = 0.125 * t17 * (t19 - 0.6666666666666667 * r - t22) * t26;
FGHT(14) = 0.25 * t17 * t11 * RdotV;
FGHT(15) = -0.04166666666666667 * t17 * t4;
FGHT(16) = 0.0;
FGHT(17) = 0.075 * (t34 - t37 + 0.3333333333333333 * t38 + t41) * t43 * t47;
FGHT(18) = 0.075 * t43 * (t19 - 0.8888888888888889 * r - t22) * t26;
FGHT(19) = 0.075 * t43 * t11 * RdotV;
FGHT(20) = 0.0;
FGHT(21) = 0.0125 * (t9 * t2 * p2 + (-20 * RdotV * PdotV - 5 * t62) * t9 + (63.33333333333333 * PdotR + 73.33333333333333 * v2) * t3 + (-24.44444444444444 + (70 * v2 + 70 * PdotR) * t21) * t2 - 466.6666666666667 * t21 * r - 105 * t78) * t81 * t13 * t4;
FGHT(22) = 0.5 * t81 * (t34 - t37 + 41.66666666666667 * t38 + t41) * t47;
FGHT(23) = 0.25 * (t19 - 0.9444444444444444 * r - t22) * t81 * t26;
FGHT(24) = 0.0;