% case(9) ;
t1 = k * r ;
t2 = k ^ 2 ;
t3 = 0.1D1 / r ;
t7 = 0.5000000000000000D0 * t2 * RdotV ;
t8 = r ^ 2 ;
t11 = t2 * k ;
t12 = v2 + PdotR ;
t13 = t12 * r ;
t14 = -0.2D1 + t13 ;
t23 = t2 ^ 2 ;
t24 = 0.1D1 / t8 ;
t28 = t8 * r ;
t29 = t28 * PdotV ;
t37 = 0.1250000000000000D0 * t23 * (t29 + 0.3333333333333333D0 * t12 * RdotV * r - 0.6666666666666667D0 * RdotV) * t3 ;
t38 = RdotV ^ 2 ;
t40 = v2 * t8 ;
t43 = PdotR * t8 ;
t48 = t23 * k ;
t53 = t8 * PdotV * RdotV ;
t54 = 0.9D1 * t53 ;
t55 = t8 ^ 2 ;
t56 = t55 * p2 ;
t58 = PdotR * r ;
t60 = v2 ^ 2 ;
t61 = t8 * t60 ;
t62 = v2 * r ;
t63 = 0.4D1 * t62 ;
t64 = t40 * PdotR ;
t65 = 0.2D1 * t64 ;
t66 = PdotR ^ 2 ;
t67 = t8 * t66 ;
t76 = PdotR * v2 ;
t78 = RdotV * PdotV ;
t92 = t23 * t2 ;
t97 = 0.1D1 / t28 ;
t100 = p2 * RdotV ;
t102 = PdotV * t12 ;
t103 = 0.1200000000000000D1 * t100 + t102 ;
t104 = t103 * t55 ;
t107 = t12 ^ 2 ;
t111 = 0.6666666666666667D-1 * (0.9D1 * t78 + t107) * RdotV * t8 ;
t116 = 0.2666666666666667D0 * (v2 + 0.3250000000000000D1 * PdotR)* RdotV * r ;
t117 = 0.2666666666666667D0 * RdotV ;
t124 = t29 * RdotV ;
t126 = t38 * r ;
t127 = t126 * v2 ;
t129 = t126 * PdotR ;
t134 = t28 * t60 ;
t137 = t28 * v2 * PdotR ;
t139 = t28 * t66 ;
t141 = t55 * r ;
t142 = t141 * p2 ;
t144 = -0.30D2 * t38 + 0.99D2 * t124 + 0.15D2 * t127 + 0.15D2 * t129 - 0.40D2 * t40 + 0.25D2 * r - 0.58D2 * t43 + 0.16D2 * t134 + 0.32D2 * t137 + 0.16D2 * t139 + 0.18D2 * t142 ;
t152 = t23 * t11 ;
t160 = 0.108D3 * t53 ;
t161 = 0.12D2 * t62 ;
t164 = 0.6D1 * t61 ;
t167 = t142 * v2 ;
t169 = t142 * PdotR ;
t171 = PdotV ^ 2 ;
t172 = t141 * t171 ;
t174 = t66 * PdotR ;
t175 = t28 * t174 ;
t176 = t60 * v2 ;
t177 = t28 * t176 ;
t178 = t28 * RdotV ;
t179 = PdotV * v2 ;
t181 = 0.54D2 * t178 * t179 ;
t182 = PdotV * PdotR ;
t184 = 0.54D2 * t178 * t182 ;
t187 = 0.3D1 * t28 * PdotR * t60 ;
t189 = 0.3D1 * t139 * v2 ;
t192 = 0.45D2 * t28 * t38 * p2 ;
t193 = -0.8D1 - t160 + t161 + 0.60D2 * t58 - 0.57D2 * t56 - t164 - 0.30D2 * t67 - 0.36D2 * t64 + 0.33D2 * t167 + 0.33D2 * t169 + 0.45D2 * t172 + t175 + t177 + t181 + t184 + t187 + t189 + t192 ;
t200 = 0.4D1 * t78 ;
t215 = p2 * v2 ;
t217 = p2 * PdotR ;
t226 = t66 * v2 ;
t232 = t38 * p2 ;
t234 = t78 * v2 ;
t255 = t23 ^ 2 ;
t263 = t161 + 0.120D3 * t58 - 0.153D3 * t56 - t164 - 0.60D2 * t67- t160 - 0.66D2 * t64 + 0.135D3 * t172 + t175 + t177 + t181 + t184 - 0.8D1 + 0.99D2 * t167 + 0.99D2 * t169 + t187 + t189 + t192 ;
t86 = p2 * PdotV ;
t270 = t55 * t28 * t86 ;
t276 = PdotV * t107 ;
t279 = ((0.1571428571428571D1 * t171 + 0.1285714285714286D1 * t215 + 0.1285714285714286D1 * t217) * RdotV + 0.3333333333333333D0 * t276) * t141 ;
t287 = t38 * RdotV ;
t288 = t287 * p2 ;
t289 = 0.2380952380952381D0 * t288 ;
t290 = t102 * t38 ;
t291 = 0.2857142857142857D0 * t290 ;
t293 = t107 * t12 * RdotV ;
t294 = 0.5291005291005291D-2 * t293 ;
t300 = v2 + 0.10D2 * PdotR ;
t305 = 0.3174603174603175D-1 * RdotV * (0.18D2 * t78 + t300 * t12) * t8 ;
t308 = 0.6349206349206349D-1 * RdotV * t300 * r ;
t309 = 0.4232804232804233D-1 * RdotV ;
t319 = t38 * t8 ;
t330 = t55 * t8 ;
t335 = 0.252D3 * t38 + 0.192D3 * t55 * t66 * v2 + 0.63D2 * t319 *t60 - 0.894D3 * t137 + 0.354D3 * t40 + 0.795D3 * t43 - 0.267D3 * t134 - 0.627D3 * t139 - 0.513D3 * t142 + 0.64D2 * t55 * t176 + 0.675D3 * t330 * t171 + 0.64D2 * t55 * t174 ;
t342 = t55 * RdotV ;
t350 = t330 * p2 ;
t363 = -0.152D3 * r - 0.2286D4 * t124 - 0.252D3 * t127 - 0.504D3 * t129 + 0.126D3 * t319 * t76 + 0.1566D4 * t342 * t179 + 0.1566D4 * t342 * t182 + 0.864D3 * t55 * t38 * p2 + 0.432D3 * t350 * v2 + 0.432D3 * t350 * PdotR + 0.192D3 * t55 * PdotR * t60 + 0.252D3 * t287 * t8 * PdotV + 0.63D2 * t319 * t66 ;
t381 = t255 * k ;
t402 = t55 ^ 2 ;
t403 = p2 ^ 2 ;
t404 = t402 * t403 ;
t419 = (0.1619047619047619D1 * p2 * t66 + (0.3238095238095238D1 *t215 + 0.3571428571428571D1 * t171) * PdotR + 0.3571428571428571D1 * t171 * v2 + 0.11D2 * t86 * RdotV + 0.1619047619047619D1 * p2 * t60) * t330 ;
t425 = t66 ^ 2 ;
t426 = 0.5291005291005291D-2 * t425 ;
t428 = 0.2116402116402116D-1 * t174 * v2 ;
t432 = (0.1285714285714286D1 * t78 + 0.3174603174603175D-1 * t60)* t66 ;
t437 = (0.3571428571428571D1 * t232 + 0.2116402116402116D-1 * t176 + 0.2571428571428571D1 * t234) * PdotR ;
t439 = t60 ^ 2 ;
t440 = 0.5291005291005291D-2 * t439 ;
t442 = 0.3571428571428571D1 * t232 * v2 ;
t444 = 0.1285714285714286D1 * t78 * t60 ;
t446 = 0.4D1 * t38 * t171 ;
FGHT(1) = 0.0D0 ;
FGHT(2) = t1 ;
FGHT(3) = 0.0D0 ;
FGHT(4) = t1 ;
FGHT(5) = -0.5000000000000000D0 * t2 * t3 ;
FGHT(6) = t7 ;
FGHT(7) = 0.5000000000000000D0 * t2 * t8 ;
FGHT(8) = t7 ;
FGHT(9) = 0.0D0 ;
FGHT(10) = 0.1666666666666667D0 * t11 * t14 ;
FGHT(11) = 0.5000000000000000D0 * t11 * r * RdotV ;
FGHT(12) = 0.1666666666666667D0 * t11 * (-0.1D1 + t13) ;
FGHT(13) = -0.4166666666666667D-1 * t23 * t24 * t14 ;
FGHT(14) = t37 ;
FGHT(15) = 0.4166666666666667D-1 * t23 * (0.3D1 * t38 + 0.4D1 * t40 - 0.5D1 * r + 0.4D1 * t43) ;
FGHT(16) = t37 ;
FGHT(17) = -0.5000000000000000D-1 * t48 * PdotV ;
FGHT(18) = 0.8333333333333333D-2 * t48 * t3 * (t54 + 0.3D1 * t56 - 0.7D1 * t58 + t61 - t63 + t65 + t67 + 0.4D1) ;
FGHT(19) = 0.1250000000000000D0 * t48 * ((-0.1400000000000000D1 + t13) * RdotV + t29) ;
FGHT(20) = 0.2500000000000000D-1 * t48 * (0.6666666666666667D0+ t56 + (0.6666666666666667D0 * t76 + 0.3D1 * t78 + 0.3333333333333333D0 * t66 + 0.3333333333333333D0 * t60) * t8 + (-0.1D1 * v2 - 0.2D1 * PdotR) * r) * t3 ;
FGHT(21) = -0.1388888888888889D-2 * t92 * (0.9D1 * t56 - 0.13D2 * t58 + t54 + t61 - t63 + t65 + t67 + 0.4D1) * t97 ;
FGHT(22) = 0.2083333333333333D-1 * t92 * (t104 - 0.2D1 * t29 +t111 - t116 + t117) * t24 ;
FGHT(23) = 0.1388888888888889D-2 * t92 * t3 * t144 ;
FGHT(24) = 0.2083333333333333D-1 * t92 * (t104 - 0.1400000000000000D1 * t29 + t111 - t116 + t117) * t24 ;
FGHT(25) = -0.5952380952380952D-2 * t152 * (t103 * r - 0.2D1 *PdotV) * t3 ;
FGHT(26) = 0.1984126984126984D-3 * t152 * t24 * t193 ;
FGHT(27) = 0.4166666666666667D-1 * t152 * ((0.9000000000000000D0 * t100 + t102) * t55 - 0.1271428571428571D1 * t29 + 0.3000000000000000D0 * (t200 + t107) * RdotV * t8 - 0.9428571428571429D0 * (v2 + 0.1636363636363636D1 * PdotR) * RdotV * r + 0.6857142857142857D0 * RdotV) * t3 ;
FGHT(28) = 0.1984126984126984D-3 * (t152 * (0.33D2 * t215 + 0.33D2 * t217 + 0.45D2 * t171) * t141 - 0.39D2 * t152 * p2 * t55 + t152 * (t174 + 0.3D1 * t226 + (0.54D2 * t78 + 0.3D1 * t60) * PdotR + 0.45D2 * t232 + t176 + 0.54D2 * t234) * t28 + t152 * (-0.90D2 * t78 - 0.5D1 * t60 - 0.29D2 * t66 - 0.34D2 * t76) * t8 + t152 * (0.8D1 * v2 + 0.38D2 * PdotR) * r - 0.4D1 * t152) * t24 ;
FGHT(29) = -0.2480158730158730D-4 * t255 * t263 / t55 ;
FGHT(30) = 0.4687500000000000D-2 * t255 * (t270 + t279 + (-0.2190476190476190D1 * t100 - 0.1333333333333333D1 * PdotV * (v2 + 0.1642857142857143D1 * PdotR)) * t55 + (t289 + t291 + t294 + 0.1333333333333333D1 * PdotV) * t28 - t305 + t308 - t309) * t97 ;
FGHT(31) = 0.2480158730158730D-4 * t255 * t24 * (t335 + t363) ;
FGHT(32) = 0.4687500000000000D-2 * t255 * (t270 + t279 + (-0.1714285714285714D1 * t100 - 0.1047619047619048D1 * (v2 + 0.1818181818181818D1 * PdotR) * PdotV) * t55 + (t289 + t291 + t294 + 0.7619047619047619D0 * PdotV) * t28 - t305 + t308 - t309) * t97 ;
FGHT(33) = -0.2083333333333333D-2 * t381 * (t56 * PdotV + (0.7857142857142857D0 * RdotV * t171 + 0.1666666666666667D0 * t276 + 0.6428571428571429D0 * t100 * t12) * t8 + ((-0.6666666666666667D0 * v2 - 0.1452380952380952D1 * PdotR) * PdotV - 0.1071428571428571D1 * t100) * r + 0.6666666666666667D0 * PdotV) * t24 ;
