%         case(5);
      t1 = k * r;
      t2 = k ^ 2;
      t3 = 0.1D1 / r;
      t7 = 0.5000000000000000D0 * t2 * RdotV;
      t8 = r ^ 2;
      t11 = t2 * k;
      t12 = v2 + PdotR;
      t13 = t12 * r;
      t14 = -0.2D1 + t13;
      t23 = t2 ^ 2;
      t29 = t8 * r * PdotV;
      t37 = 0.1250000000000000D0 * t23 * (t29 + 0.3333333333333333D0 * t12 * RdotV * r - 0.6666666666666667D0 * RdotV) * t3;
      t38 = RdotV ^ 2;
      t40 = v2 * t8;
      t48 = t23 * k;
      t55 = t8 ^ 2;
      t56 = t55 * p2;
      t60 = v2 ^ 2;
      t66 = PdotR ^ 2;
      FGHT(1) = 0.0D0;
      FGHT(2) = t1;
      FGHT(3) = 0.0D0;
      FGHT(4) = t1;
      FGHT(5) = -0.5000000000000000D0 * t2 * t3;
      FGHT(6) = t7;
      FGHT(7) = 0.5000000000000000D0 * t2 * t8;
      FGHT(8) = t7;
      FGHT(9) = 0.0D0;
      FGHT(10) = 0.1666666666666667D0 * t11 * t14;
      FGHT(11) = 0.5000000000000000D0 * t11 * r * RdotV;
      FGHT(12) = 0.1666666666666667D0 * t11 * (-0.1D1 + t13);
      FGHT(13) = -0.4166666666666667D-1 * t23 / t8 * t14;
      FGHT(14) = t37;
      FGHT(15) = 0.4166666666666667D-1 * t23 * (0.3D1 * t38 + 0.4D1 * t40 - 0.5D1 * r + 0.4D1 * PdotR * t8);
      FGHT(16) = t37;
      FGHT(17) = -0.5000000000000000D-1 * t48 * PdotV;
      FGHT(18) = 0.8333333333333333D-2 * t48 * t3 * (0.9D1 * t8 * PdotV * RdotV + 0.3D1 * t56 - 0.7D1 * PdotR * r + t8 * t60 - 0.4D1 * v2 * r + 0.2D1 * t40 * PdotR + t8 * t66 + 0.4D1);
      FGHT(19) = 0.1250000000000000D0 * t48 * ((-0.1400000000000000D1 + t13) * RdotV + t29);
      FGHT(20) = 0.2500000000000000D-1 * t48 * (0.6666666666666667D0 + t56 + (0.6666666666666667D0 * PdotR * v2 + 0.3D1 * RdotV * PdotV + 0.3333333333333333D0 * t66 + 0.3333333333333333D0 * t60) * t8 + (-0.1D1 * v2 - 0.2D1 * PdotR) * r) * t3;
