
%         case(4)
      t1 = k * r ; 
      t2 = k ^ 2 ; 
      t3 = 0.1D1 / r ; 
      t7 = 0.5000000000000000D0 * t2 * RdotV ; 
      t8 = r ^ 2 ; 
      t11 = t2 * k ; 
      t12 = v2 + PdotR ; 
      t13 = t12 * r ; 
      t14 = -0.2D1 + t13 ; 
      t23 = t2 ^ 2 ; 
      t37 = 0.1250000000000000D0 * t23 * (t8 * r * PdotV + 0.3333333333333333D0 * t12 * RdotV * r - 0.6666666666666667D0 * RdotV) * t3 ; 
      t38 = RdotV ^ 2 ; 
      FGHT(1) = 0.0D0 ; 
      FGHT(2) = t1 ; 
      FGHT(3) = 0.0D0 ; 
      FGHT(4) = t1 ; 
      FGHT(5) = -0.5000000000000000D0 * t2 * t3 ; 
      FGHT(6) = t7 ; 
      FGHT(7) = 0.5000000000000000D0 * t2 * t8 ; 
      FGHT(8) = t7 ; 
      FGHT(9) = 0.0D0 ; 
      FGHT(10) = 0.1666666666666667D0 * t11 * t14 ; 
      FGHT(11) = 0.5000000000000000D0 * t11 * r * RdotV ; 
      FGHT(12) = 0.1666666666666667D0 * t11 * (-0.1D1 + t13) ; 
      FGHT(13) = -0.4166666666666667D-1 * t23 / t8 * t14 ; 
      FGHT(14) = t37 ; 
      FGHT(15) = 0.4166666666666667D-1 * t23 * (0.3D1 * t38 + 0.4D1 * v2 * t8 - 0.5D1 * r + 0.4D1 * PdotR * t8) ; 
      FGHT(16) = t37 ; 
      
      