% case(14) ;
t1 = k * r ;
t2 = k ^ 2 ;
t3 = 0.1D1 / r ;
t7 = 0.5000000000000000D0 * t2 * RdotV ;
t8 = r ^ 2 ;
t11 = t2 * k ;
t12 = v2 + PdotR ;
t13 = t12 * r ;
t14 = -0.2D1 + t13 ;
t23 = t2 ^ 2 ;
t24 = 0.1D1 / t8 ;
t28 = t8 * r ;
t29 = t28 * PdotV ;
t30 = t12 * RdotV ;
t37 = 0.1250000000000000D0 * t23 * (t29 + 0.3333333333333333D0 * t30 * r - 0.6666666666666667D0 * RdotV) * t3 ;
t38 = RdotV ^ 2 ;
t40 = v2 * t8 ;
t43 = PdotR * t8 ;
t48 = t23 * k ;
t53 = t8 * PdotV * RdotV ;
t54 = 0.9D1 * t53 ;
t55 = t8 ^ 2 ;
t56 = t55 * p2 ;
t58 = PdotR * r ;
t60 = v2 ^ 2 ;
t61 = t8 * t60 ;
t62 = v2 * r ;
t63 = 0.4D1 * t62 ;
t64 = t40 * PdotR ;
t65 = 0.2D1 * t64 ;
t66 = PdotR ^ 2 ;
t67 = t8 * t66 ;
t76 = PdotR * v2 ;
t78 = RdotV * PdotV ;
t92 = t23 * t2 ;
t97 = 0.1D1 / t28 ;
t100 = p2 * RdotV ;
t102 = PdotV * t12 ;
t103 = 0.1200000000000000D1 * t100 + t102 ;
t104 = t103 * t55 ;
t107 = t12 ^ 2 ;
t111 = 0.6666666666666667D-1 * (0.9D1 * t78 + t107) * RdotV * t8 ;
t116 = 0.2666666666666667D0 * (v2 + 0.3250000000000000D1 * PdotR)* RdotV * r ;
t117 = 0.2666666666666667D0 * RdotV ;
t124 = t29 * RdotV ;
t126 = t38 * r ;
t127 = t126 * v2 ;
t129 = t126 * PdotR ;
t134 = t28 * t60 ;
t137 = t28 * v2 * PdotR ;
t139 = t28 * t66 ;
t141 = t55 * r ;
t142 = t141 * p2 ;
t144 = -0.30D2 * t38 + 0.99D2 * t124 + 0.15D2 * t127 + 0.15D2 * t129 - 0.40D2 * t40 + 0.25D2 * r - 0.58D2 * t43 + 0.16D2 * t134 + 0.32D2 * t137 + 0.16D2 * t139 + 0.18D2 * t142 ;
t152 = t23 * t11 ;
t160 = 0.108D3 * t53 ;
t161 = 0.12D2 * t62 ;
t164 = 0.6D1 * t61 ;
t167 = t142 * v2 ;
t169 = t142 * PdotR ;
t171 = PdotV ^ 2 ;
t172 = t141 * t171 ;
t174 = t66 * PdotR ;
t175 = t28 * t174 ;
t176 = t60 * v2 ;
t177 = t28 * t176 ;
t178 = t28 * RdotV ;
t179 = PdotV * v2 ;
t180 = t178 * t179 ;
t181 = 0.54D2 * t180 ;
t182 = PdotV * PdotR ;
t183 = t178 * t182 ;
t184 = 0.54D2 * t183 ;
t186 = t28 * PdotR * t60 ;
t187 = 0.3D1 * t186 ;
t188 = t139 * v2 ;
t189 = 0.3D1 * t188 ;
t190 = t28 * t38 ;
t191 = t190 * p2 ;
t192 = 0.45D2 * t191 ;
t193 = -0.8D1 - t160 + t161 + 0.60D2 * t58 - 0.57D2 * t56 - t164 - 0.30D2 * t67 - 0.36D2 * t64 + 0.33D2 * t167 + 0.33D2 * t169 + 0.45D2 * t172 + t175 + t177 + t181 + t184 + t187 + t189 + t192 ;
t200 = 0.4D1 * t78 ;
t215 = p2 * v2 ;
t217 = p2 * PdotR ;
t226 = t66 * v2 ;
t227 = 0.3D1 * t226 ;
t232 = t38 * p2 ;
t234 = t78 * v2 ;
t255 = t23 ^ 2 ;
t263 = t161 + 0.120D3 * t58 - 0.153D3 * t56 - t164 - 0.60D2 * t67- t160 - 0.66D2 * t64 + 0.135D3 * t172 + t175 + t177 + t181 + t184 - 0.8D1 + 0.99D2 * t167 + 0.99D2 * t169 + t187 + t189 + t192 ;
t265 = 0.1D1 / t55 ;
t268 = t55 * t28 ;
t269 = t268 * p2 ;
t270 = t269 * PdotV ;
t276 = PdotV * t107 ;
t279 = ((0.1571428571428571D1 * t171 + 0.1285714285714286D1 * t215 + 0.1285714285714286D1 * t217) * RdotV + 0.3333333333333333D0 * t276) * t141 ;
t287 = t38 * RdotV ;
t288 = t287 * p2 ;
t289 = 0.2380952380952381D0 * t288 ;
t290 = t102 * t38 ;
t291 = 0.2857142857142857D0 * t290 ;
t292 = t107 * t12 ;
t293 = t292 * RdotV ;
t294 = 0.5291005291005291D-2 * t293 ;
t300 = v2 + 0.10D2 * PdotR ;
t305 = 0.3174603174603175D-1 * RdotV * (0.18D2 * t78 + t300 * t12) * t8 ;
t308 = 0.6349206349206349D-1 * RdotV * t300 * r ;
t309 = 0.4232804232804233D-1 * RdotV ;
t315 = t55 * RdotV ;
t316 = t315 * t179 ;
t318 = t315 * t182 ;
t320 = t38 * t8 ;
t321 = t320 * t76 ;
t323 = t55 * t66 ;
t324 = t323 * v2 ;
t326 = t320 * t60 ;
t328 = t55 * t38 ;
t329 = t328 * p2 ;
t331 = t55 * t8 ;
t332 = t331 * p2 ;
t333 = t332 * PdotR ;
t335 = t332 * v2 ;
t337 = t320 * t66 ;
t342 = t287 * t8 * PdotV ;
t344 = 0.1566D4 * t316 + 0.1566D4 * t318 + 0.126D3 * t321 + 0.192D3 * t324 + 0.63D2 * t326 + 0.864D3 * t329 + 0.432D3 * t333 + 0.432D3 * t335 + 0.63D2 * t337 - 0.2286D4 * t124 - 0.252D3 * t127 + 0.252D3 * t342 ;
t347 = t55 * PdotR * t60 ;
t351 = t55 * t176 ;
t353 = t331 * t171 ;
t355 = t55 * t174 ;
t363 = -0.504D3 * t129 + 0.192D3 * t347 - 0.894D3 * t137 - 0.152D3 * r + 0.64D2 * t351 + 0.675D3 * t353 + 0.64D2 * t355 + 0.354D3 * t40 + 0.795D3 * t43 - 0.267D3 * t134 - 0.627D3 * t139 - 0.513D3 * t142 + 0.252D3 * t38 ;
t381 = t255 * k ;
t382 = t56 * PdotV ;
t383 = RdotV * t171 ;
t402 = t55 ^ 2 ;
t403 = p2 ^ 2 ;
t404 = t402 * t403 ;
t405 = p2 * t66 ;
t411 = t171 * v2 ;
t413 = p2 * PdotV ;
t414 = t413 * RdotV ;
t416 = p2 * t60 ;
t419 = (0.1619047619047619D1 * t405 + (0.3238095238095238D1 * t215 + 0.3571428571428571D1 * t171) * PdotR + 0.3571428571428571D1 * t411 + 0.11D2 * t414 + 0.1619047619047619D1 * t416) * t331 ;
t421 = 0.7142857142857143D1 * t171 ;
t425 = t66 ^ 2 ;
t426 = 0.5291005291005291D-2 * t425 ;
t427 = t174 * v2 ;
t428 = 0.2116402116402116D-1 * t427 ;
t432 = (0.1285714285714286D1 * t78 + 0.3174603174603175D-1 * t60)* t66 ;
t437 = (0.3571428571428571D1 * t232 + 0.2116402116402116D-1 * t176 + 0.2571428571428571D1 * t234) * PdotR ;
t439 = t60 ^ 2 ;
t440 = 0.5291005291005291D-2 * t439 ;
t441 = t232 * v2 ;
t442 = 0.3571428571428571D1 * t441 ;
t443 = t78 * t60 ;
t444 = 0.1285714285714286D1 * t443 ;
t445 = t38 * t171 ;
t446 = 0.4D1 * t445 ;
t545 = t255 * t2 ;
t548 = PdotV * t66 ;
t549 = t315 * t548 ;
t551 = t328 * t215 ;
t553 = t328 * t217 ;
t555 = PdotV * t60 ;
t556 = t315 * t555 ;
t558 = t332 * t78 ;
t560 = t332 * t76 ;
t562 = t323 * t60 ;
t564 = t351 * PdotR ;
t566 = t328 * t171 ;
t568 = t332 * t66 ;
t570 = t332 * t60 ;
t572 = t353 * PdotR ;
t574 = t353 * v2 ;
t576 = t355 * v2 ;
t580 = -0.2484D4 * t183 - 0.972D3 * t180 + 0.243D3 * t549 + 0.675D3 * t551 + 0.675D3 * t553 + 0.243D3 * t556 + 0.6237D4 * t558 + 0.1836D4 * t560 + 0.6D1 * t562 + 0.4D1 * t564 + 0.756D3 * t566 + 0.918D3 * t568 + 0.918D3 * t570 + 0.2025D4 * t572 + 0.2025D4 * t574 + 0.4D1 * t576 - 0.267D3 * t186 - 0.2808D4 * t167 ;
t586 = t55 * t439 ;
t587 = t55 * t425 ;
t597 = t182 * v2 ;
t598 = t315 * t597 ;
t600 = 0.16D2 - 0.4509D4 * t169 - 0.510D3 * t188 - 0.1350D4 * t191 + 0.972D3 * t53 + 0.1020D4 * t64 + t586 + t587 + 0.945D3 * t404 + 0.2133D4 * t56 - 0.1004D4 * t58 + 0.24D2 * t61 - 0.32D2 * t62 + 0.1752D4 * t67 - 0.4050D4 * t172 - 0.251D3 * t175 - 0.8D1 * t177 + 0.486D3 * t598 ;
t603 = 0.1D1 / t141 ;
t606 = t403 * RdotV ;
t607 = 0.5743589743589744D0 * t606 ;
t612 = (t607 + PdotV * (0.3846153846153846D0 * t171 + t217 + t215)) * t402 ;
t614 = t232 * PdotV ;
t621 = PdotV * t292 ;
t624 = (0.1856410256410256D1 * t614 + 0.4769230769230769D0 * t12 * (t215 + t217 + 0.1989247311827957D1 * t171) * RdotV + 0.4843304843304843D-1 * t621) * t331 ;
t631 = v2 + 0.2941176470588235D1 * PdotR ;
t640 = (0.1435897435897436D0 * t171 + 0.1282051282051282D0 * t217+ 0.1282051282051282D0 * t215) * t287 ;
t641 = t276 * t38 ;
t642 = 0.4615384615384615D-1 * t641 ;
t644 = 0.1899335232668566D-3 * t439 ;
t645 = 0.1899335232668566D-3 * t425 ;
t646 = t66 * t60 ;
t647 = 0.1139601139601140D-2 * t646 ;
t648 = 0.7597340930674264D-3 * t427 ;
t649 = PdotR * t176 ;
t650 = 0.7597340930674264D-3 * t649 ;
t657 = 0.2564102564102564D0 * t288 ;
t662 = 0.1846153846153846D0 * PdotV * (v2 + 0.2555555555555556D1 * PdotR) * t38 ;
t664 = v2 + 0.3137500000000000D2 * PdotR ;
t667 = 0.1519468186134853D-2 * t107 * t664 * RdotV ;
t677 = 0.4558404558404558D-2 * (t60 + 0.4050000000000000D2 * t78 + 0.4250000000000000D2 * t76 + 0.73D2 * t66) * RdotV * t8 ;
t680 = 0.6077872744539411D-2 * t664 * RdotV * r ;
t681 = 0.3038936372269706D-2 * RdotV ;
t686 = t402 * r ;
t687 = t686 * t403 ;
t733 = t38 * t174 ;
t735 = v2 * t38 ;
t739 = t287 * PdotV ;
t741 = t60 * t38 ;
t746 = t739 * v2 ;
t748 = t38 ^ 2 ;
t749 = t748 * p2 ;
t753 = t38 * t176 ;
t757 = t38 * t66 ;
t767 = PdotR * t38 ;
t806 = t255 * t11 ;
t807 = t171 * PdotV ;
t816 = PdotR * t60 ;
t853 = t806 * t265 ;
t854 = t268 * RdotV ;
t855 = t413 * PdotR ;
t856 = t854 * t855 ;
t857 = 0.65664D5 * t856 ;
t858 = t141 * RdotV ;
t859 = t182 * t60 ;
t860 = t858 * t859 ;
t861 = 0.3024D4 * t860 ;
t862 = t548 * v2 ;
t863 = t858 * t862 ;
t864 = 0.3024D4 * t863 ;
t865 = t413 * v2 ;
t866 = t854 * t865 ;
t867 = 0.65664D5 * t866 ;
t868 = t141 * t38 ;
t869 = t217 * v2 ;
t870 = t868 * t869 ;
t871 = 0.14580D5 * t870 ;
t873 = 0.12096D5 * t180 ;
t874 = t268 * t66 ;
t875 = t874 * t215 ;
